68.0
63.0
74.66666666666667
63.666666666666664
83.66666666666667
34.666666666666664
71.33333333333333
61.666666666666664
87.33333333333333
48.0
53.0
87.33333333333333
80.0
84.0
65.66666666666667
53.666666666666664
50.0
37.0
60.333333333333336
52.333333333333336
70.0
69.0
53.666666666666664
88.66666666666667
66.33333333333333
59.666666666666664
65.0
39.0
87.66666666666667
39.0
47.0
56.0
81.33333333333333
53.333333333333336
84.33333333333333
77.33333333333333
54.0
90.0
44.0
75.0
56.666666666666664
53.333333333333336
53.333333333333336
70.66666666666667
64.0
67.0
58.333333333333336
74.33333333333333
84.33333333333333
54.0
72.0
75.66666666666667
58.0
37.0
66.0
49.333333333333336
70.66666666666667
56.666666666666664
67.0
61.666666666666664
63.0
86.0
64.33333333333333
58.666666666666664
42.0
44.333333333333336
76.66666666666667
53.666666666666664
76.66666666666667
75.0
52.666666666666664
72.0
54.666666666666664
77.66666666666667
66.66666666666667
73.33333333333333
46.0
61.0
48.0
50.333333333333336
53.0
52.0
41.333333333333336
68.33333333333333
42.666666666666664
48.666666666666664
57.333333333333336
79.33333333333333
64.33333333333333
44.666666666666664
32.0
56.0
52.666666666666664
74.33333333333333
79.0
67.0
41.333333333333336
60.333333333333336
55.333333333333336
57.333333333333336
61.666666666666664
57.666666666666664
69.66666666666667
78.33333333333333
52.666666666666664
55.0
73.0
41.333333333333336
53.333333333333336
52.0
76.0
68.0
61.875 61.75892857142857 62.205357142857146 